6
1 1 4 5 1 4
1 new 1 1 4 5 1 4
2 new 1 1 4 5 1 4
3 new 1 1 4 5 1 4
4 new 1 1 4 5 1 4
5 new 1 1 4 5 1 4
6 new 1 1 4 5 1 4
7 new 1 1 4 5 1 4
8 new 1 1 4 5 1 4
9 new 1 1 4 5 1 4
10 new 1 1 4 5 1 4
11 new 1 1 4 5 1 4
12 new 1 1 4 5 1 4
13 new 1 1 4 5 1 4
14 new 1 1 4 5 1 4
15 new 1 1 4 5 1 4
16 new 1 1 4 5 1 4
17 new 1 1 4 5 1 4
18 new 1 1 4 5 1 4
19 new 1 1 4 5 1 4
20 new 1 1 4 5 1 4
21 new 1 1 4 5 1 4
22 new 1 1 4 5 1 4
23 new 1 1 4 5 1 4
24 new 1 1 4 5 1 4
25 new 1 1 4 5 1 4
26 new 1 1 4 5 1 4
27 new 1 1 4 5 1 4
28 new 1 1 4 5 1 4
29 new 1 1 4 5 1 4
30 new 1 1 4 5 1 4
31 new 1 1 4 5 1 4
32 new 1 1 4 5 1 4
33 new 1 1 4 5 1 4
34 new 1 1 4 5 1 4
35 new 1 1 4 5 1 4
36 new 1 1 4 5 1 4
37 new 1 1 4 5 1 4
38 new 1 1 4 5 1 4
39 new 1 1 4 5 1 4
40 new 1 1 4 5 1 4
41 new 1 1 4 5 1 4
42 new 1 1 4 5 1 4